00000000000000000000000000000000000000000
00000000000000000000000000000000000000000
0                                       0
0                                       0
0                                       0
0                                       0
0                                       0
0                                       0
0                                       0
0                                       0
0                                       0
0                                       0
0000000000                              0
0              00010                    0
0                         000011000000000
0                                       0
0                     00                0
0                   1                   0
0                00000                  0
0                                       0
000000011000               00000110000000
0          00                           0
0           000                         0
0             0001100                   0
0      00                               0
0                        00100          0
0                             0000      0
0             000                      00
0            00                       000
00000000000000000000000000000000000000000
00000000000000000000000000000000000000000

